0.00794778 0.00180900 -0.00487265
0.00885919 0.00438571 -0.00267761
0.00543436 0.00479302 -0.00075084
0.00959391 0.01002189 0.00317323
0.01060508 0.00449985 -0.00353206
0.01481003 0.00431032 -0.00098366
0.00419451 0.00465434 0.00173912
-0.00191349 0.00070750 0.00046107
0.00772722 0.00490416 -0.00518551
0.00342279 -0.00132111 -0.00485467
0.00707707 0.00092796 -0.00632131
0.00520330 0.00117891 -0.00368497
0.01233002 0.00161184 -0.01353320
0.01264788 0.00053600 -0.01417199
0.00391438 0.00071677 -0.00133472
-0.00277852 0.00021895 0.00072503
0.01294664 -0.00042129 -0.00613108
0.01770640 -0.00261663 -0.00521042
0.01233860 -0.00007472 -0.00004244
0.00612716 -0.00125306 -0.00130592
0.00825885 0.00337383 -0.00036961
0.02523336 -0.00246326 -0.01610293
0.02345129 -0.00387842 -0.00059831
0.01757368 -0.00175100 -0.00062650
0.03391439 -0.00488962 -0.01324736
0.00284466 -0.00065315 -0.00076514
0.00476563 -0.00095099 0.00086474
0.00981114 -0.00176740 0.00303567
0.01403591 -0.00435438 0.00688955
0.00044592 -0.00183150 0.00798598
0.02392231 0.00036280 -0.02643101
0.00031577 0.00231366 0.00173381
0.00208369 0.00155682 -0.00011968
-0.00527331 -0.00217350 0.00116903
0.00003489 -0.00105582 0.00066353
-0.00677469 -0.00213342 -0.00018646
0.00823090 0.00076086 -0.00116221
0.00241694 0.00244408 0.00235554
0.00074920 0.00192182 0.00784621
0.00205146 -0.00118614 0.01259229
0.00220058 0.00140152 0.00640528
0.00558755 0.00212676 -0.00022652
0.00208991 0.00046574 0.00148419
0.00128751 -0.00015548 -0.01233293
0.01000681 -0.00090721 -0.01481485
0.00585048 0.00074870 -0.01261559
0.02171590 -0.00718673 -0.02045388
0.00857570 -0.00534481 -0.01348024
0.02226325 -0.00825936 -0.01332751
0.00297190 0.00106468 0.02999124
0.00103112 0.02776239 0.02123312
0.00258405 0.01204139 0.03118312
0.00700179 0.01040070 0.01703061
0.00507262 -0.00472676 0.01525030
0.00503729 0.00144822 0.00389229
0.00111503 -0.00055572 0.00489478
0.00284836 0.00037320 -0.00062956
0.01238325 -0.00734750 -0.00334923
0.00160680 -0.00143104 0.00346362
0.00146134 0.00158894 -0.00168197
0.00856665 -0.00519019 -0.00570048
0.01349435 0.00062485 -0.01780768
0.00552326 0.00334499 -0.00729839
0.00830221 0.00103729 -0.01340138
0.02139526 -0.00282230 -0.02530089
0.00622073 0.00343466 -0.00393200
-0.00133718 0.00438444 -0.00136876
0.05597553 -0.02120189 -0.02573989
0.04385907 -0.01423076 -0.01234436
0.05470005 -0.01266144 -0.03133616
0.02728312 -0.01060767 -0.00524236
0.03211771 -0.01319016 -0.00965655
0.03182185 -0.01607473 -0.01162986
0.00618359 -0.00667380 0.00468989
0.00863990 -0.00555046 0.00157020
0.01703791 -0.00933588 -0.00215302
0.02306992 -0.00798440 0.00559156
0.03499032 -0.00805663 -0.00779372
0.00502031 -0.00340653 0.00497429
-0.00781718 -0.00360495 0.03112384
0.00303429 -0.00341265 0.00157840
0.00751785 -0.00327999 0.02197014
0.00931440 -0.01100706 0.01653488
0.01542393 -0.01167117 0.00227788
0.00365233 -0.00672063 0.01076881
0.01636824 -0.02280499 0.03479941
0.00029568 -0.00288429 0.01175051
0.00860654 -0.01182341 0.02015525
0.01462555 -0.02246488 0.03336037
0.00655480 -0.01715202 0.03758655
0.01012374 -0.02982341 0.04364964
-0.00098160 -0.03352601 0.04927832
0.00177045 -0.03716521 0.05458830
0.02277607 -0.01152917 -0.00278747
0.00569638 -0.01282044 0.01849344
0.00452688 -0.00839103 0.00800923
0.00077162 0.00201169 0.01268346
-0.00062623 0.02323627 -0.02445481
0.00800941 0.03379869 -0.03481424
0.00746327 0.01948116 -0.01566942
-0.00106699 0.03671522 -0.04305070
0.01387529 0.03481367 -0.03408998
0.01971045 0.02156788 -0.01256701
0.02120978 0.02448563 -0.01904237
0.01247042 0.01738419 -0.02914496
0.00608375 0.00589817 -0.00351561
0.00978613 0.00996126 -0.00912984
0.00523197 0.00313809 -0.00213080
0.00712002 0.01129349 -0.00814656
0.00775525 0.03721211 -0.05716979
-0.00139549 0.00554866 -0.00820918
-0.00258300 0.00312832 -0.00474199
-0.00146698 -0.00368605 0.00283677
-0.00444096 0.01105081 -0.01169453
-0.00466361 0.00720107 -0.00425739
-0.00085092 0.00192655 0.00212233
-0.00804819 0.00615351 -0.00550926
-0.00885284 0.01484512 -0.01195355
-0.00133227 0.00989152 -0.00774848
-0.00086024 0.00140703 0.00271571
-0.00150680 0.00187668 0.00285558
-0.00204762 0.00416714 -0.00171732
0.00260738 -0.00278748 0.00224531
-0.00515193 -0.00263490 0.00239805
0.00210670 -0.00471359 0.00354374
-0.00123629 -0.00067806 0.00939102
-0.00115631 -0.00070422 0.00894120
0.00225147 0.00429815 -0.00243282
0.00518058 -0.02382333 0.03503192
0.00100605 -0.01398486 0.01855475
-0.00075646 -0.01223992 0.01607289
-0.00197723 -0.00701079 0.00892260
-0.00397954 0.00065172 -0.00096024
-0.00107011 -0.00934748 0.01083060
-0.00105263 -0.01714329 0.02236834
-0.00012975 0.00582051 -0.00677719
0.00019806 0.00262950 -0.00266369
0.00176687 0.00260663 -0.00271567
0.01062261 0.01058581 -0.01947159
0.00789551 0.00919884 -0.01287637
0.00434929 0.00335504 -0.00455860
0.00642753 0.00479023 -0.00509014
0.00461149 0.00516585 -0.00843642
0.00334931 0.00866930 -0.01667946
0.00068309 0.00002493 0.00045471
0.00036492 -0.00078610 0.00003039
0.00021898 -0.00050077 -0.00068789
-0.00006010 -0.00105419 -0.00021444
0.00028968 0.00003866 -0.00043577
0.00022289 -0.00064645 0.00104092
0.00155363 -0.00095927 0.00129724
0.00039039 -0.00107438 0.00022043
0.00008576 -0.00101439 -0.00068027
0.00223080 -0.00029324 0.00018676
0.00175377 0.00036331 -0.00065282
0.00027522 -0.00056232 -0.00013542
-0.00090243 -0.00104470 -0.00108898
-0.00029202 -0.00018542 -0.00037225
0.00160861 0.00023614 -0.00036751
0.00163189 0.00085808 0.00087271
0.00309728 0.00102802 -0.00195404
0.00064706 0.00007279 -0.00074083
0.00115608 0.00063282 0.00143245
0.00171380 -0.00004761 0.00222677
0.00068567 0.00014464 0.00340709
0.00150394 0.00043084 0.00052194
0.00056965 0.00121725 -0.00067583
0.00239951 0.00105586 -0.00024832
0.00084924 0.00028464 -0.00015690
0.00208922 -0.00004608 0.00165437
-0.00001013 0.00161964 0.00013601
0.00131037 -0.00125040 0.00527174
0.00273672 -0.00082349 0.00347827
0.00206671 -0.00103084 0.00140600
0.00043029 0.00017721 0.00005816
0.00133636 0.00014236 0.00059815
-0.00012321 -0.00030931 0.00017239
0.00153839 0.00038135 0.00129450
0.00170875 0.00032045 -0.00111640
0.00107352 -0.00035177 0.00162135
0.00273607 -0.00091367 0.00081653
0.00414603 -0.00184785 0.00019309
0.00050014 -0.00037776 -0.00461404
0.00689738 0.00099075 0.00246122
-0.00236569 -0.00152894 -0.00095864
-0.00140171 -0.00138758 -0.00157456
-0.00344562 -0.00254384 -0.00160036
-0.00227291 -0.00157218 -0.00180284
-0.00408992 -0.00235201 -0.00068108
-0.00231145 -0.00055457 -0.00051758
-0.00092625 -0.00056694 -0.00032533
-0.00141880 -0.00082949 -0.00054725
-0.00382353 -0.00091156 -0.00079210
-0.00250090 -0.00025981 0.00032318
-0.00536743 -0.00101179 -0.00134694
-0.00500081 -0.00196069 -0.00117404
-0.00632815 -0.00249517 -0.00120503
-0.00546800 -0.00129737 -0.00146728
0.00038443 -0.00038528 0.00004189
0.00040991 -0.00005427 -0.00027359
0.00135808 -0.00029509 0.00004417
-0.00162364 0.00048965 0.00003307
0.00017653 -0.00004440 -0.00009235
0.00256210 -0.00063308 0.00196393
-0.00500132 -0.00243631 -0.00014589
-0.00607703 -0.00225646 0.00003652
-0.00077544 -0.00096245 0.00374192
-0.00180893 0.00000515 0.00672445
-0.00482913 -0.00390472 0.01365310
-0.00803898 -0.00286221 0.01235373
-0.00301534 -0.00352208 0.02174064
0.00121668 -0.00228576 0.01738605
-0.00354561 -0.00229309 0.01722041
-0.00386068 -0.00143697 0.00062106
0.00022774 0.00196449 0.00366597
0.00118400 0.00063734 0.00441272
0.00008301 -0.01005643 0.01901300
0.00239557 0.00193953 0.00539432
-0.00154403 0.00159646 0.00006785
-0.00529183 -0.00170349 0.00052417
-0.00342310 -0.00068844 -0.00189175
-0.00599375 -0.00158453 0.00063512
-0.00868090 0.00261002 -0.00193692
-0.00406566 0.00174895 0.00467205
0.00017788 0.00158952 0.00214202
0.00088404 0.00021573 -0.00155762
0.00086968 0.00256120 -0.00586896
-0.00174391 0.00442567 -0.00760489
-0.00122092 -0.00044128 -0.00252375
-0.00027398 -0.00048762 -0.00096980
0.00326865 0.00030053 -0.00130274
0.00159602 -0.00053348 -0.00243990
-0.00582733 0.00110897 -0.00861640
-0.00406279 0.00003852 -0.01091384
0.01639978 -0.00142559 0.00625323
0.00635426 -0.00286419 0.00821793
0.00817256 -0.00005916 0.00654761
0.01391452 0.00441721 0.00812106
0.00158679 -0.00663342 0.01048737
0.00376346 -0.00404028 0.00797968
0.00814825 0.00438196 0.00356160
0.05568736 -0.01049775 0.03770143
0.00044467 -0.00480780 0.01979652
0.02084995 0.00443105 0.00862226
0.01711611 0.00282686 0.02156754
0.00156171 0.00374927 0.01103028
0.01477158 0.00401319 0.02846941
0.00509096 -0.00017175 0.01840707
-0.00548159 0.00193038 0.00360403
-0.00910236 0.00200927 -0.00795525
-0.00084233 0.00429175 0.00375777
0.00032122 0.00167818 0.01206927
0.00303504 0.00326692 0.01449495
-0.01515735 -0.00027226 -0.00493707
0.00112084 0.00207939 0.01130573
0.00457882 0.00133204 0.00404062
0.01242089 0.00497570 0.00929075
-0.00214998 -0.00086975 0.00116002
0.00215045 0.00076494 0.00326440
0.00522816 0.00096490 0.00826012
-0.01499312 0.00410558 -0.01001824
-0.00224980 -0.00190734 -0.00358632
-0.00466587 0.00044780 -0.00955575
-0.00104393 0.00238622 -0.00613850
0.00013922 -0.00367395 -0.01308723
0.00037906 -0.00473751 -0.00865508
0.00203280 -0.00007259 -0.00916685
0.00386017 -0.00268843 -0.00141432
-0.00214557 0.00088227 -0.00106434
-0.00328505 0.00276131 0.00153003
-0.00132551 0.00557141 0.00430816
0.00339021 0.02452492 0.01853696
0.00753445 0.10168795 0.03481738
0.00716958 0.04543805 0.02291493
0.00093720 -0.00674528 0.03746163
-0.00052974 -0.02331316 0.04542419
0.00226247 0.00244324 0.03726124
0.00035272 0.00378237 0.00573631
0.00149996 0.00210502 0.01667509
0.00044517 0.00183836 0.01118212
0.00222016 0.00295186 0.01494442
0.00200384 0.06026345 -0.06263912
0.00287606 0.06980248 -0.15165454
-0.00310519 0.01680573 -0.09471374
0.00014779 -0.00260836 0.00155653
0.00078398 0.00671848 -0.01061799
0.00024133 0.01200068 -0.01689588
-0.00091396 0.01876879 -0.02183211
-0.00162087 0.03385627 -0.03726740
0.00024665 -0.02943228 0.04232064
0.00099674 0.01158541 -0.02197727
-0.00117518 0.00418492 -0.00781769
-0.00181990 0.01385172 -0.04842285
-0.00312515 0.01037959 -0.00613969
-0.00035452 -0.00508423 -0.01131232
0.00065828 -0.00710270 0.02132539
0.00074453 -0.00757196 0.01049161
-0.00251829 0.00811235 -0.01472411
-0.00105156 0.00320004 -0.01275629
-0.00040330 0.00236131 -0.00602094
0.00088521 -0.00624149 -0.00890430
0.00103311 0.01242937 -0.01495279
-0.00229650 0.00283327 -0.01105929
-0.00036295 -0.01791549 0.01355817
-0.00155695 -0.00673007 0.01029478
0.00088033 -0.00801836 0.00986711
-0.00076289 0.00737845 0.00213243
-0.00190747 0.00332738 -0.00433495
0.00084887 0.00644023 0.00881915
-0.00148994 0.00106932 -0.01054381
0.00289758 0.00322706 -0.00456892
-0.00294718 -0.00046943 -0.01282676
-0.00067883 -0.00961708 0.01215063
-0.00543436 0.00479302 -0.00075084
-0.00885919 0.00438571 -0.00267761
-0.00794778 0.00180900 -0.00487265
-0.01060508 0.00449985 -0.00353206
-0.00959391 0.01002189 0.00317323
-0.01481003 0.00431032 -0.00098366
-0.00419451 0.00465434 0.00173912
0.00191349 0.00070750 0.00046107
-0.00772722 0.00490416 -0.00518551
-0.00342279 -0.00132111 -0.00485467
-0.00707707 0.00092796 -0.00632131
-0.00520330 0.00117891 -0.00368497
-0.01233002 0.00161184 -0.01353320
-0.01264788 0.00053600 -0.01417199
-0.00391438 0.00071677 -0.00133472
0.00277852 0.00021895 0.00072503
-0.01233860 -0.00007472 -0.00004244
-0.01770640 -0.00261663 -0.00521042
-0.01294664 -0.00042129 -0.00613108
-0.00612716 -0.00125306 -0.00130592
-0.00825885 0.00337383 -0.00036961
-0.02523336 -0.00246326 -0.01610293
-0.01757368 -0.00175100 -0.00062650
-0.02345129 -0.00387842 -0.00059831
-0.03391439 -0.00488962 -0.01324736
-0.00284466 -0.00065315 -0.00076514
-0.00476563 -0.00095099 0.00086474
-0.00981114 -0.00176740 0.00303567
-0.01403591 -0.00435438 0.00688955
-0.00044592 -0.00183150 0.00798598
-0.02392231 0.00036280 -0.02643101
-0.00031577 0.00231366 0.00173381
-0.00208369 0.00155682 -0.00011968
0.00527331 -0.00217350 0.00116903
-0.00003489 -0.00105582 0.00066353
0.00677469 -0.00213342 -0.00018646
-0.00823090 0.00076086 -0.00116221
-0.00241694 0.00244408 0.00235554
-0.00558755 0.00212676 -0.00022652
-0.00208991 0.00046574 0.00148419
-0.00585048 0.00074870 -0.01261559
-0.01000681 -0.00090721 -0.01481485
-0.02226325 -0.00825936 -0.01332751
-0.00857570 -0.00534481 -0.01348024
-0.02171590 -0.00718673 -0.02045388
-0.00297190 0.00106468 0.02999124
0.00220354 0.01228141 0.03115750
-0.00103112 0.02776239 0.02123312
-0.00507262 -0.00472676 0.01525030
-0.00700179 0.01040070 0.01703061
-0.00503729 0.00144822 0.00389229
-0.00111503 -0.00055572 0.00489478
-0.00284836 0.00037320 -0.00062956
-0.01238325 -0.00734750 -0.00334923
-0.00160680 -0.00143104 0.00346362
-0.00856665 -0.00519019 -0.00570048
-0.01349435 0.00062485 -0.01780768
-0.00830221 0.00103729 -0.01340138
-0.00552326 0.00334499 -0.00729839
-0.02139526 -0.00282230 -0.02530089
-0.00622073 0.00343466 -0.00393200
-0.05597553 -0.02120189 -0.02573989
-0.05470005 -0.01266144 -0.03133616
-0.04385907 -0.01423076 -0.01234436
-0.02728312 -0.01060767 -0.00524236
-0.03211771 -0.01319016 -0.00965655
-0.03182185 -0.01607473 -0.01162986
-0.00618359 -0.00667380 0.00468989
-0.01703791 -0.00933588 -0.00215302
-0.00863990 -0.00555046 0.00157020
-0.02306992 -0.00798440 0.00559156
-0.03499032 -0.00805663 -0.00779372
-0.00502031 -0.00340653 0.00497429
0.00781718 -0.00360495 0.03112384
-0.00303429 -0.00341265 0.00157840
-0.00751785 -0.00327999 0.02197014
-0.00931440 -0.01100706 0.01653488
-0.00365233 -0.00672063 0.01076881
-0.01542393 -0.01167117 0.00227788
-0.01636824 -0.02280499 0.03479941
-0.00860654 -0.01182341 0.02015525
-0.00029568 -0.00288429 0.01175051
-0.01462555 -0.02246488 0.03336037
-0.00655480 -0.01715202 0.03758655
-0.01012374 -0.02982341 0.04364964
-0.02277607 -0.01152917 -0.00278747
-0.00569638 -0.01282044 0.01849344
-0.00452688 -0.00839103 0.00800923
-0.00115732 0.00256483 0.00959467
-0.00746327 0.01948116 -0.01566942
0.00062623 0.02323627 -0.02445481
-0.00052662 0.03407243 -0.03695162
-0.01971045 0.02156788 -0.01256701
-0.01387529 0.03481367 -0.03408998
-0.02120978 0.02448563 -0.01904237
-0.01247042 0.01738419 -0.02914496
-0.00978613 0.00996126 -0.00912984
-0.00608375 0.00589817 -0.00351561
-0.00523197 0.00313809 -0.00213080
-0.00712002 0.01129349 -0.00814656
-0.00775525 0.03721211 -0.05716979
0.00258300 0.00312832 -0.00474199
0.00139549 0.00554866 -0.00820918
0.00146698 -0.00368605 0.00283677
0.00444096 0.01105081 -0.01169453
0.00466361 0.00720107 -0.00425739
0.00804819 0.00615351 -0.00550926
0.00085092 0.00192655 0.00212233
0.00133227 0.00989152 -0.00774848
0.00885284 0.01484512 -0.01195355
0.00204762 0.00416714 -0.00171732
0.00150680 0.00187668 0.00285558
0.00086024 0.00140703 0.00271571
-0.00260738 -0.00278748 0.00224531
0.00515193 -0.00263490 0.00239805
-0.00210670 -0.00471359 0.00354374
0.00123629 -0.00067806 0.00939102
0.00115631 -0.00070422 0.00894120
-0.00225147 0.00429815 -0.00243282
-0.00518058 -0.02382333 0.03503192
-0.00100605 -0.01398486 0.01855475
0.00075646 -0.01223992 0.01607289
0.00197723 -0.00701079 0.00892260
0.00397954 0.00065172 -0.00096024
0.00107011 -0.00934748 0.01083060
-0.00019806 0.00262950 -0.00266369
-0.00176687 0.00260663 -0.00271567
-0.01062261 0.01058581 -0.01947159
-0.00789551 0.00919884 -0.01287637
-0.00434929 0.00335504 -0.00455860
-0.00642753 0.00479023 -0.00509014
-0.00334931 0.00866930 -0.01667946
-0.00461149 0.00516585 -0.00843642
-0.00068309 0.00002493 0.00045471
-0.00021898 -0.00050077 -0.00068789
-0.00036492 -0.00078610 0.00003039
0.00006010 -0.00105419 -0.00021444
-0.00028968 0.00003866 -0.00043577
-0.00022289 -0.00064645 0.00104092
-0.00155363 -0.00095927 0.00129724
-0.00039039 -0.00107438 0.00022043
-0.00008576 -0.00101439 -0.00068027
-0.00223080 -0.00029324 0.00018676
-0.00175377 0.00036331 -0.00065282
-0.00027522 -0.00056232 -0.00013542
0.00090243 -0.00104470 -0.00108898
0.00029202 -0.00018542 -0.00037225
-0.00163189 0.00085808 0.00087271
-0.00160861 0.00023614 -0.00036751
-0.00309728 0.00102802 -0.00195404
-0.00064706 0.00007279 -0.00074083
-0.00068567 0.00014464 0.00340709
-0.00171380 -0.00004761 0.00222677
-0.00115608 0.00063282 0.00143245
-0.00056965 0.00121725 -0.00067583
-0.00150394 0.00043084 0.00052194
-0.00239951 0.00105586 -0.00024832
-0.00084924 0.00028464 -0.00015690
-0.00208922 -0.00004608 0.00165437
0.00001013 0.00161964 0.00013601
-0.00273672 -0.00082349 0.00347827
-0.00131037 -0.00125040 0.00527174
-0.00206671 -0.00103084 0.00140600
-0.00133636 0.00014236 0.00059815
-0.00043029 0.00017721 0.00005816
0.00012321 -0.00030931 0.00017239
-0.00107352 -0.00035177 0.00162135
-0.00170875 0.00032045 -0.00111640
-0.00153839 0.00038135 0.00129450
-0.00273607 -0.00091367 0.00081653
-0.00414603 -0.00184785 0.00019309
-0.00689738 0.00099075 0.00246122
0.00236569 -0.00152894 -0.00095864
0.00140171 -0.00138758 -0.00157456
0.00344562 -0.00254384 -0.00160036
0.00227291 -0.00157218 -0.00180284
0.00408992 -0.00235201 -0.00068108
0.00231145 -0.00055457 -0.00051758
0.00092625 -0.00056694 -0.00032533
0.00141880 -0.00082949 -0.00054725
0.00250090 -0.00025981 0.00032318
0.00382353 -0.00091156 -0.00079210
0.00500081 -0.00196069 -0.00117404
0.00536743 -0.00101179 -0.00134694
0.00632815 -0.00249517 -0.00120503
0.00546800 -0.00129737 -0.00146728
-0.00040991 -0.00005427 -0.00027359
-0.00038443 -0.00038528 0.00004189
-0.00135808 -0.00029509 0.00004417
0.00162364 0.00048965 0.00003307
-0.00017653 -0.00004440 -0.00009235
-0.00256210 -0.00063308 0.00196393
0.00500132 -0.00243631 -0.00014589
0.00607703 -0.00225646 0.00003652
0.00482913 -0.00390472 0.01365310
0.00180893 0.00000515 0.00672445
0.00077544 -0.00096245 0.00374192
0.00803898 -0.00286221 0.01235373
0.00354561 -0.00229309 0.01722041
0.00386068 -0.00143697 0.00062106
-0.00022774 0.00196449 0.00366597
-0.00118400 0.00063734 0.00441272
-0.00239557 0.00193953 0.00539432
0.00342310 -0.00068844 -0.00189175
0.00529183 -0.00170349 0.00052417
0.00154403 0.00159646 0.00006785
0.00599375 -0.00158453 0.00063512
0.00406566 0.00174895 0.00467205
0.00868090 0.00261002 -0.00193692
-0.00017788 0.00158952 0.00214202
0.00174391 0.00442567 -0.00760489
-0.00086968 0.00256120 -0.00586896
-0.00088404 0.00021573 -0.00155762
0.00122092 -0.00044128 -0.00252375
0.00027398 -0.00048762 -0.00096980
-0.00326865 0.00030053 -0.00130274
-0.00029009 -0.00035358 -0.00263917
0.00582733 0.00110897 -0.00861640
-0.00817256 -0.00005916 0.00654761
-0.00635426 -0.00286419 0.00821793
-0.01639978 -0.00142559 0.00625323
-0.01391452 0.00441721 0.00812106
-0.00814825 0.00438196 0.00356160
-0.05568736 -0.01049775 0.03770143
-0.02084995 0.00443105 0.00862226
-0.01711611 0.00282686 0.02156754
-0.00156171 0.00374927 0.01103028
-0.01477158 0.00401319 0.02846941
-0.00098337 -0.00118722 0.01636035
0.00548159 0.00193038 0.00360403
0.00084233 0.00429175 0.00375777
0.00910236 0.00200927 -0.00795525
-0.00303504 0.00326692 0.01449495
-0.00032122 0.00167818 0.01206927
0.01515735 -0.00027226 -0.00493707
-0.01242089 0.00497570 0.00929075
-0.00457882 0.00133204 0.00404062
0.00214998 -0.00086975 0.00116002
-0.00215045 0.00076494 0.00326440
-0.00522816 0.00096490 0.00826012
0.00224980 -0.00190734 -0.00358632
0.01499312 0.00410558 -0.01001824
