1
6
21
22
27
31
34
38
42
44
48
52
54
56
58
59
78
88
103
104
127
132
135
136
137
144
159
165
189
217
227
240
261
267
275
279
286
288
291
298
306
312
322
327
335
337
357
362
365
397
398
401
417
420
421
424
427
433
434
436
451
467
468
498
502
513
516
528
533
537
541
542
558
559
584
590
592
593
594
600
605
619
624
631
641
643
653
655
657
660
662
666
668
675
690
692
702
748
766
769
771
798
801
806
821
823
824
844
846
909
912
919
923
930
932
936
942
956
957
965
970
985
994
997
1001
1022
1059
1060
1083
1095
1096
1100
1107
1108
1122
1126
1136
1137
1154
1163
1167
1169
1172
1176
1184
1185
1189
1193
1200
1214
1216
1231
1232
1235
1237
1238
1239
1240
1242
1256
1283
1325
1332
1333
1352
1353
1358
1383
1387
1389
1394
1398
1407
1412
1416
1419
1423
1425
1427
1437
1443
1448
1450
1454
1457
1460
1462
1465
1466
1470
1474
1477
1480
1493
1498
1500
1511
1515
1518
1520
1523
1525
1535
1552
1556
1559
1573
1578
1583
1584
1590
1592
1602
1605
1606
1614
1617
1656
1661
1674
1694
1697
1700
1708
1710
1713
1730
1768
1772
1773
1793
1794
1796
1798
1799
1802
1803
1811
1818
1819
1827
1828
1855
1865
1866
1868
1874
1875
1882
1890
1893
1895
1918
1926
1968
1978
1980
2039
2047
2060
2072
2082
2084
2088
2094
2097
2101
2111
2112
2117
2149
2157
2160
2167
2180
2181
2182
2184
2196
2203
2209
2211
2212
2214
2216
2228
2231
2302
2303
2320
2331
2335
2338
2339
2343
2349
2357
2358
2362
2365
2367
2368
2374
2377
2383
2405
2407
2419
2424
2432
2441
2444
2449
2455
2460
2464
2470
2495
2511
2528
2544
2553
2556
2566
2570
2571
2575
2581
2585
2592
2593
2595
2601
2604
2605
2606
2609
2610
2614
2617
2618
2623
2627
2630
2633
2640
2644
2659
2667
2669
2676
2681
2682
2684
2685
2688
2692
2699
2704
2715
2720
2727
2732
2747
2750
2754
2761
2764
2769
2780
2783
2791
2793
2817
2831
2851
2860
2870
2887
2889
2893
2901
2904
2911
2917
2924
2928
2941
2947
2957
2960
2965
2967
2973
2985
2987
2990
2991
2996
3000
3005
3007
3010
3023
3065
3073
3079
3083
3090
3096
3098
3103
3104
3107
3110
3116
3137
3146
3154
3166
3182
3184
3196
3197
3230
3236
3238
3242
3243
3256
3257
3268
3277
3289
3296
3312
3318
3322
3326
3332
3333
3336
3345
3346
3347
3351
3352
3381
3391
3394
3396
3399
3403
3406
3415
3427
3430
3432
3434
3436
3438
3452
3476
3501
3513
3515
3517
3548
3572
3576
3595
3602
3607
3619
3621
3653
3656
3657
3658
3660
3665
3666
3667
3668
3673
3679
3686
3689
3693
3694
3713
3731
3769
3771
3774
3775
3791
3806
3807
3809
3817
3819
3823
3829
3831
3836
3847
3851
3857
3878
3883
3887
3889
3890
3892
3896
3907
3913
3918
3930
3932
3934
3936
3955
3958
3966
3974
3982
3989
3990
3991
3995
3997
4002
4005
4022
4023
4034
4045
4048
4049
4050
4059
4083
4090
4122
4142
4154
4166
4170
4186
4192
4194
4212
4268
4270
4287
4292
4296
4298
4319
4333
4335
4343
4360
4365
4367
4370
4377
4379
4388
4404
4430
4436
4455
4467
4473
4482
4488
4508
4512
4533
4537
4544
4546
4548
4553
4556
4564
4571
4575
4579
4582
4584
4586
4589
4591
4593
4594
4599
4616
4618
4624
4661
4667
4671
4677
4693
4698
4700
4707
4711
4713
4717
4729
4757
4769
4771
4816
4817
4823
4829
4834
4838
4839
4841
4844
4850
4852
4855
4861
4865
4875
4876
4879
4889
4893
4899
4910
4917
4919
4962
4982
4987
4990
5000
5012
5018
5024
5028
5040
5052
5060
5093
5096
5100
5101
5106
5111
5117
5229
5242
5247
5250
5256
5259
5263
5264
5265
5268
5272
5273
5276
5279
5282
5293
5305
5311
5318
5323
5335
5342
5348
5379
5409
5410
5471
5475
5479
5480
5490
5494
5495
5500
5501
5502
5507
5508
5513
5514
5529
5535
5539
5557
5565
5566
5568
5570
5585
5589
5622
5640
5646
5650
5653
5665
5715
5728
5735
5736
5740
5744
5749
5756
5759
5760
5762
5770
5779
5797
5802
5807
5809
5813
5815
5829
5848
5852
5853
5866
5871
5873
5881
5896
5897
5903
5905
5907
5921
5938
5943
5952
5956
5959
5963
5966
5970
5972
5975
5994
5995
6002
6008
6025
6026
6027
