42
137
240
298
322
327
335
365
433
498
558
605
624
631
824
932
936
956
985
1108
1169
1200
1231
1239
1325
1437
1443
1457
1498
1552
1559
1674
1710
1713
1799
1855
1865
1890
1895
2149
2167
2181
2212
2320
2331
2349
2357
2374
2460
2566
2606
2630
2633
2684
2720
2727
2747
2793
2917
2941
2947
2965
2987
2991
3090
3096
3104
3107
3182
3184
3236
3238
3296
3312
3326
3332
3333
3345
3347
3352
3381
3396
3415
3576
3595
3657
3658
3660
3694
3771
3774
3775
3807
3883
3890
3930
4002
4365
4473
4482
4582
4593
4707
4713
4876
4917
4962
5000
5106
5263
5273
5348
5640
5650
5653
5665
5740
5759
5966
